L[0]: -0.06844699150409
L[1]: 0.48934430982349
L[2]: 1.08828716478988
L[3]: 100.00000000000000

L[0]: -0.06844699150409
L[1]: 0.48934430982349
L[2]: 1.08828716478988
L[3]: 100.00000000000000

L[0]: -0.06844699150409
L[1]: 0.48934430982349
L[2]: 1.08828716478988
L[3]: 100.00000000000000
L[4]: -0.06844699150409

===========

L[5]: 0.48934430982349
L[6]: 1.08828716478988
L[7]: 100.00000000000000
L[0]: -0.06844699150409
L[0]: 0.48934430982349
L[4]: -0.06844699150409
L[4]: 0.48934430982349

===========

L[0]: -0.06844699150409
L[1]: 0.48934430982349
L[2]: -0.06844699150409
L[3]: 0.48934430982349
